p cnf 1833 40
c Phi-start
1 0
17 0
27 0
40 0
52 0
63 0
76 0
88 0
99 0
110 0
122 0
134 0
146 0
158 0
170 0
182 0
194 0
206 0
218 0
230 0
242 0
254 0
266 0
278 0
290 0
302 0
314 0
326 0
338 0
350 0
362 0
374 0
386 0
398 0
410 0
422 0
434 0
446 0
457 0
c Phi-accept
12 24 36 48 60 72 84 96 108 120 132 144 156 168 180 192 204 216 228 240 252 264 276 288 300 312 324 336 348 360 372 384 396 408 420 432 444 456 468 51 63 75 87 99 111 123 135 147 159 171 183 195 207 219 231 243 255 267 279 291 303 315 327 339 351 363 375 387 399 411 423 435 447 459 471 483 495 507 90 102 114 126 138 150 162 174 186 198 210 222 234 246 258 270 282 294 306 318 330 342 354 366 378 390 402 414 426 438 450 462 474 486 498 510 522 534 546 129 141 153 165 177 189 201 213 225 237 249 261 273 285 297 309 321 333 345 357 369 381 393 405 417 429 441 453 465 477 489 501 513 525 537 549 561 573 585 168 180 192 204 216 228 240 252 264 276 288 300 312 324 336 348 360 372 384 396 408 420 432 444 456 468 480 492 504 516 528 540 552 564 576 588 600 612 624 207 219 231 243 255 267 279 291 303 315 327 339 351 363 375 387 399 411 423 435 447 459 471 483 495 507 519 531 543 555 567 579 591 603 615 627 639 651 663 246 258 270 282 294 306 318 330 342 354 366 378 390 402 414 426 438 450 462 474 486 498 510 522 534 546 558 570 582 594 606 618 630 642 654 666 678 690 702 285 297 309 321 333 345 357 369 381 393 405 417 429 441 453 465 477 489 501 513 525 537 549 561 573 585 597 609 621 633 645 657 669 681 693 705 717 729 741 324 336 348 360 372 384 396 408 420 432 444 456 468 480 492 504 516 528 540 552 564 576 588 600 612 624 636 648 660 672 684 696 708 720 732 744 756 768 780 363 375 387 399 411 423 435 447 459 471 483 495 507 519 531 543 555 567 579 591 603 615 627 639 651 663 675 687 699 711 723 735 747 759 771 783 795 807 819 402 414 426 438 450 462 474 486 498 510 522 534 546 558 570 582 594 606 618 630 642 654 666 678 690 702 714 726 738 750 762 774 786 798 810 822 834 846 858 441 453 465 477 489 501 513 525 537 549 561 573 585 597 609 621 633 645 657 669 681 693 705 717 729 741 753 765 777 789 801 813 825 837 849 861 873 885 897 480 492 504 516 528 540 552 564 576 588 600 612 624 636 648 660 672 684 696 708 720 732 744 756 768 780 792 804 816 828 840 852 864 876 888 900 912 924 936 519 531 543 555 567 579 591 603 615 627 639 651 663 675 687 699 711 723 735 747 759 771 783 795 807 819 831 843 855 867 879 891 903 915 927 939 951 963 975 558 570 582 594 606 618 630 642 654 666 678 690 702 714 726 738 750 762 774 786 798 810 822 834 846 858 870 882 894 906 918 930 942 954 966 978 990 1002 1014 597 609 621 633 645 657 669 681 693 705 717 729 741 753 765 777 789 801 813 825 837 849 861 873 885 897 909 921 933 945 957 969 981 993 1005 1017 1029 1041 1053 636 648 660 672 684 696 708 720 732 744 756 768 780 792 804 816 828 840 852 864 876 888 900 912 924 936 948 960 972 984 996 1008 1020 1032 1044 1056 1068 1080 1092 675 687 699 711 723 735 747 759 771 783 795 807 819 831 843 855 867 879 891 903 915 927 939 951 963 975 987 999 1011 1023 1035 1047 1059 1071 1083 1095 1107 1119 1131 714 726 738 750 762 774 786 798 810 822 834 846 858 870 882 894 906 918 930 942 954 966 978 990 1002 1014 1026 1038 1050 1062 1074 1086 1098 1110 1122 1134 1146 1158 1170 753 765 777 789 801 813 825 837 849 861 873 885 897 909 921 933 945 957 969 981 993 1005 1017 1029 1041 1053 1065 1077 1089 1101 1113 1125 1137 1149 1161 1173 1185 1197 1209 792 804 816 828 840 852 864 876 888 900 912 924 936 948 960 972 984 996 1008 1020 1032 1044 1056 1068 1080 1092 1104 1116 1128 1140 1152 1164 1176 1188 1200 1212 1224 1236 1248 831 843 855 867 879 891 903 915 927 939 951 963 975 987 999 1011 1023 1035 1047 1059 1071 1083 1095 1107 1119 1131 1143 1155 1167 1179 1191 1203 1215 1227 1239 1251 1263 1275 1287 870 882 894 906 918 930 942 954 966 978 990 1002 1014 1026 1038 1050 1062 1074 1086 1098 1110 1122 1134 1146 1158 1170 1182 1194 1206 1218 1230 1242 1254 1266 1278 1290 1302 1314 1326 909 921 933 945 957 969 981 993 1005 1017 1029 1041 1053 1065 1077 1089 1101 1113 1125 1137 1149 1161 1173 1185 1197 1209 1221 1233 1245 1257 1269 1281 1293 1305 1317 1329 1341 1353 1365 948 960 972 984 996 1008 1020 1032 1044 1056 1068 1080 1092 1104 1116 1128 1140 1152 1164 1176 1188 1200 1212 1224 1236 1248 1260 1272 1284 1296 1308 1320 1332 1344 1356 1368 1380 1392 1404 987 999 1011 1023 1035 1047 1059 1071 1083 1095 1107 1119 1131 1143 1155 1167 1179 1191 1203 1215 1227 1239 1251 1263 1275 1287 1299 1311 1323 1335 1347 1359 1371 1383 1395 1407 1419 1431 1443 1026 1038 1050 1062 1074 1086 1098 1110 1122 1134 1146 1158 1170 1182 1194 1206 1218 1230 1242 1254 1266 1278 1290 1302 1314 1326 1338 1350 1362 1374 1386 1398 1410 1422 1434 1446 1458 1470 1482 1065 1077 1089 1101 1113 1125 1137 1149 1161 1173 1185 1197 1209 1221 1233 1245 1257 1269 1281 1293 1305 1317 1329 1341 1353 1365 1377 1389 1401 1413 1425 1437 1449 1461 1473 1485 1497 1509 1521 1104 1116 1128 1140 1152 1164 1176 1188 1200 1212 1224 1236 1248 1260 1272 1284 1296 1308 1320 1332 1344 1356 1368 1380 1392 1404 1416 1428 1440 1452 1464 1476 1488 1500 1512 1524 1536 1548 1560 1143 1155 1167 1179 1191 1203 1215 1227 1239 1251 1263 1275 1287 1299 1311 1323 1335 1347 1359 1371 1383 1395 1407 1419 1431 1443 1455 1467 1479 1491 1503 1515 1527 1539 1551 1563 1575 1587 1599 1182 1194 1206 1218 1230 1242 1254 1266 1278 1290 1302 1314 1326 1338 1350 1362 1374 1386 1398 1410 1422 1434 1446 1458 1470 1482 1494 1506 1518 1530 1542 1554 1566 1578 1590 1602 1614 1626 1638 1221 1233 1245 1257 1269 1281 1293 1305 1317 1329 1341 1353 1365 1377 1389 1401 1413 1425 1437 1449 1461 1473 1485 1497 1509 1521 1533 1545 1557 1569 1581 1593 1605 1617 1629 1641 1653 1665 1677 1260 1272 1284 1296 1308 1320 1332 1344 1356 1368 1380 1392 1404 1416 1428 1440 1452 1464 1476 1488 1500 1512 1524 1536 1548 1560 1572 1584 1596 1608 1620 1632 1644 1656 1668 1680 1692 1704 1716 1299 1311 1323 1335 1347 1359 1371 1383 1395 1407 1419 1431 1443 1455 1467 1479 1491 1503 1515 1527 1539 1551 1563 1575 1587 1599 1611 1623 1635 1647 1659 1671 1683 1695 1707 1719 1731 1743 1755 1338 1350 1362 1374 1386 1398 1410 1422 1434 1446 1458 1470 1482 1494 1506 1518 1530 1542 1554 1566 1578 1590 1602 1614 1626 1638 1650 1662 1674 1686 1698 1710 1722 1734 1746 1758 1770 1782 1794 1377 1389 1401 1413 1425 1437 1449 1461 1473 1485 1497 1509 1521 1533 1545 1557 1569 1581 1593 1605 1617 1629 1641 1653 1665 1677 1689 1701 1713 1725 1737 1749 1761 1773 1785 1797 1809 1821 1833 0
